Invoice Date,From Date,To Date,Billing Days,Billed GJ,Basic charge,Delivery charges,Storage and transport,Commodity charges,Tax,Clean energy levy,Carbon tax,Amount
1397649600,1395230400,1397649600,29,4.800000,11.280000,17.380000,6.250000,19.130000,3.060000,0.220000,7.150000,64.470000
1395144000,1392811200,1395144000,28,6.500000,10.890000,23.540000,8.470000,21.270000,3.690000,0.260000,9.680000,77.800000
1392724800,1390305600,1392724800,29,8.700000,11.280000,31.500000,11.340000,28.470000,4.780000,0.330000,12.960000,100.660000
1390219200,1387454400,1390219200,33,7.900000,12.840000,27.890000,9.930000,25.850000,4.410000,0.310000,11.770000,93.000000
1387368000,1384603200,1387368000,33,8.700000,12.840000,29.550000,10.370000,28.470000,4.710000,0.320000,12.960000,99.220000
1384516800,1382011200,1384516800,30,4.100000,11.670000,13.930000,4.890000,13.420000,2.500000,0.180000,6.110000,52.700000
1381924800,1379419200,1381924800,30,2.900000,11.670000,9.850000,3.460000,10.190000,1.970000,0.140000,4.320000,41.600000
1379332800,1376827200,1379332800,30,1.700000,11.670000,5.770000,2.030000,6.650000,1.430000,0.100000,2.530000,30.180000
1376913600,1374148800,1376740800,31,1.300000,12.060000,4.420000,1.550000,5.090000,1.250000,0.090000,1.940000,26.400000
1374062400,1371297600,1374062400,33,2.600000,12.840000,9.250000,3.100000,8.870000,1.900000,0.140000,3.870000,39.970000
1371211200,1368792000,1371211200,29,2.300000,11.280000,8.490000,2.740000,6.850000,1.640000,0.120000,3.430000,34.550000
1368705600,1366286400,1368705600,29,2.600000,11.280000,9.600000,3.100000,7.740000,1.780000,0.130000,3.870000,37.500000
1366200000,1363694400,1366200000,30,4.000000,11.670000,14.760000,4.770000,11.910000,2.450000,0.170000,5.960000,51.690000
1363608000,1361275200,1363608000,27,5.100000,10.500000,18.820000,6.080000,15.180000,2.910000,0.000000,7.600000,61.090000
1361275200,1358942400,1361275200,27,4.700000,10.500000,17.350000,5.600000,13.990000,2.710000,0.000000,7.010000,57.160000
1358942400,1355918400,1358942400,35,10.400000,13.620000,37.380000,12.950000,30.960000,5.520000,0.000000,15.490000,115.920000
1355918400,1353326400,1355918400,30,2.800000,11.670000,9.450000,3.820000,8.340000,1.870000,0.000000,4.170000,39.320000
1353326400,1350561600,1353326400,32,5.400000,12.450000,18.230000,7.370000,16.080000,3.110000,0.000000,8.040000,65.280000
1350648000,1347969600,1350561600,30,1.900000,11.670000,6.410000,2.590000,5.660000,1.460000,0.000000,2.830000,30.620000
1347969600,1345204800,1347969600,32,2.300000,12.450000,7.760000,3.140000,6.850000,1.690000,0.000000,3.430000,35.320000
1345464000,1342612800,1345204800,30,1.800000,11.670000,6.080000,2.460000,5.360000,1.410000,0.000000,2.680000,29.660000
1342612800,1340020800,1342612800,30,2.300000,11.670000,7.760000,3.140000,6.850000,1.630000,0.000000,3.180000,34.230000
1340020800,1337256000,1340020800,32,0.900000,12.450000,3.090000,1.230000,2.680000,1.030000,0.000000,1.120000,21.600000
1337256000,1334836800,1337256000,28,3.400000,10.890000,11.990000,4.640000,10.120000,2.090000,0.000000,4.220000,43.950000
1334836800,1332158400,1334836800,31,3.200000,12.060000,11.290000,4.370000,10.760000,2.120000,0.000000,3.970000,44.570000
